40.352448485573085
-31.233723620241452
44.677663252111735
16.849213794374087
9.98713871084464
43.26883046114171
54.59087819784438
-10.808854499640496
3.479541466280061
22.322910316628985
42.583337246103945
-1.4968189462240602
66.68198817732616
5.245432023447201
11.535130761694134
-25.24423176900878
38.70001061459299
-16.129726263890554
-31.044970315995254
-29.710920073919386
48.88763923471881
47.0432001135617
34.27709246211365
-17.128962155556408
27.407531981301965
32.87332445608474
52.38649005091148
-4.627839976477766
-6.18040944850231
-9.050581130897271
-40.178354228007606
30.736437894576177
45.92498825110466
61.773394498804386
-43.25389937964189
37.50622112475964
-33.890591888360454
-4.049389310865919
-11.960966886874427
4.493391123793515
59.75792909817982
-36.00371282050429
31.45992848327365
34.652277922491045
16.686141608045823
-7.999700307635393
8.251831820941554
4.472533809411246
21.187566378143124
-21.034233899047614
76.87657235261202
24.580998887202007
72.49870721240151
32.12194619095526
73.61919658243988
3.9205907909241304
64.31752185413339
79.35113262302295
-24.29499728955462
47.547071148871986
-25.630869699242655
11.079917808219847
18.11264217327401
71.26880298877018
59.56308855515686
69.59032399957715
32.77889243253781
-21.630655088342056
43.771802960572025
-37.554831214384855
-11.28375846876002
45.82620190349217
-19.763973400235365
28.373327449021794
30.759726605761408
14.406694282831417
73.02776522736576
-8.260065673724107
-14.02147067822974
-3.8772524353733218
78.77350921695381
-8.236893706959385
-42.47092564994625
-24.780781393110896
25.34253334109122
78.92715113717915
46.40338993844649
9.134373573433194
-12.770046235313899
33.05961181299602
17.680077769033176
-15.254485957585945
20.070692400775535
-10.931051933510503
23.703078055675356
65.739413772533
49.756918261730796
4.095993688770889
-19.129866665219204
71.98684470361775
-42.195605840900775
24.423951912717705
47.809416499668096
51.632851121395426
70.28337419708288
-18.13360161757473
64.39920399689319
3.456336599783164
75.20082112889435
55.71287571222167
29.519015802108946
78.85788489090697
21.989052800102478
18.82575637539943
-6.1814424244155575
-3.984253456993308
-16.292439273530828
-5.31516666083332
71.96806287367647
1.5353700819194742
33.29948826400318
12.15513040255749
27.647503784964492
-11.197457749421062
5.974431591539911
-39.51759145542796
60.861091110321475
4.925034466960938
-1.4293041345324582
-16.514320823292437
9.245457316685567
30.82871599748936
-2.357279526992059
-36.08589505770442
36.953324411995915
78.28658929786363
-19.312836459330057
67.02090162185095
4.597922053124876
31.979032984700147
14.979444658724205
-3.98258020575571
61.30589638842047
-1.1759757778788327
39.29119928982664
-31.477339242498957
1.858626763913854
43.326645258184676
-42.35702236089623
-33.749962772662286
-26.75292806351201
10.962666497242424
-40.69166280427546
-41.890244088553004
73.81936639990482
17.62086103292777
53.94525666303968
57.94653874738399
-26.62513271518152
70.88080129274559
6.3100493352707545
32.2994551401624
-27.85765759592437
-42.00377812064931
76.83159891710969
70.84008638423589
-0.6368639963252392
71.8429710914713
-36.952147404169494
-34.59926144838827
65.82601201114753
65.48447830365129
-17.696401279263053
-28.056227726230397
52.44313872732908
-34.936009175330945
-25.545108879477155
53.816198581943546
-35.29325232979613
66.92713140334104
-27.447893410525033
-14.597907205989895
29.530897894079807
-10.007373109611223
7.990667309166668
41.21630379972094
1.5510165829155866
-36.09043138303174
76.55860543030894
6.51945772549584
-38.949805490295624
-42.77031840907951
-30.268152957751887
78.4449385181828
75.20106456288502
-40.91186780223033
57.84770438341892
58.876981218523774
-6.325027839376361
54.124453970703875
31.48533950790584
-32.63251185572328
71.78240852691667
31.547337269095458
-16.612647173965676
-7.316354700691342
35.68439930917092
-9.892409648881987
19.330218717508437
31.746024310323243
59.01628139128599
-28.310650435609084
-35.763756157264524
-17.357964231935537
15.093978214844668
18.847518014163946
-28.184800579375484
29.91639672826208
-19.213987412446105
18.37773598689769
77.88312222673437
20.69855334496082
-17.41119846011807
-25.086940588108945
-42.104861169219866
-10.606320695981928
-9.741370541137087
72.91906182506776
54.095510906736784
68.90822022981303
52.79982943735043
-40.87765538906234
9.14369190793417
24.903669364355686
47.904340290881585
-3.6829056376569653
57.3350107066102
50.2427076871984
-36.90326146807636
-22.037146762391775
56.82507072133553
62.64001013268433
-7.312851506055573
60.25812238148432
2.441975092561549
-23.28527695223092
38.84446475609953
-1.5265061592824196
13.004033194015818
33.299859633282715
-8.931230013097988
3.361682523195171
-34.29655733154692
7.446869300240884
65.64302541766588
60.670104947173904
-5.549542636307187
40.31220495207531
46.41582513690066
75.8471408873956
59.96879993660806
-10.844856423842124
40.82607170414982
53.802010586891605
1.9332276347354522
-1.918184846398482
-9.612404313872197
45.179641311030785
23.1678633833615
-14.922690648083204
67.33159326560695
-24.689099332248187
32.13617419462242
-30.80854232907587
77.88998299962168
-24.6239697210051
45.33260710570979
-4.54104097567491
-32.09493880117334
50.25760984201613
4.9532054317013205
33.65561169104328
65.71905748069085
60.804270990031945
19.737348610185883
10.951459812278806
9.713176210817323
-11.332616912703593
-18.7450709714871
77.78533268817134
-18.77733518056535
-24.238535965333327
14.123038281497216
-3.1593708711251125
-18.353723401621846
-29.361739523561226
-40.150293493451514
8.487931427513935
65.12501901141374
-20.961436417999572
-39.35872996898727
38.34024668218331
-14.744563272453757
-4.0437102687694875
50.532329522253185
58.76030643900207
-1.1532627560235156
-39.71595820206642
24.53133259144466
42.53945063020331
-33.88943856028126
16.7967759103773
-36.133436147958776
64.4242171615702
10.992920026841112
38.141353636508846
-23.711228293598896
33.62134574125374
-5.290077963826938
-27.620097454346222
-11.651620345277873
-26.299866042147034
-14.579991028087324
0.9995901675315224
-20.191875882712885
-36.09768839461433
72.57581878206287
54.68355188342529
58.54524819720924
51.83370865494401
69.61424922854044
16.000539831729775
67.01592794319404
-11.193684824701549
-28.42323566914408
-24.52456778775559
3.0370929693077926
-12.64411812319468
64.72597922857216
-14.892337932849951
43.698865549420425
-30.119665335926694
72.31905474587282
-22.65769811934214
14.146373119150859
74.2978838020966
61.458950320780595
-5.907292454683208
1.8510246336378984
26.915322238238893
40.00499555397993
-11.773329079786446
6.3706511688764
75.63848037794466
26.41139796698763
28.906571432621995
-34.708875281054276
-41.46043116273704
-30.464048750346223
-30.156738467715556
19.155020706953145
10.336057725539092
18.51965848593609
-14.939618988561776
47.7354577622607
28.89286000126264
73.58439485300929
-32.97196427838554
-20.084844363936487
68.88690425042569
47.99064710016345
-33.87200105331743
-39.61350603664919
-41.643124668064694
-16.219462343840355
-38.63880784855965
-29.716312665185605
52.24798725347575
-43.04307131958577
1.7317368213170568
56.2035860317143
73.70011140160125
43.25904818828668
50.08931370202507
-14.056695493408597
7.4340969175261336
-4.885891172528339
21.401492281809546
22.450123257488052
67.30331051343367
72.50428175054913
50.660207054364925
-42.94313201286822
70.24788372532976
69.10725572914686
59.21975818142247
30.228189582485307
46.56930291219829
72.77235441338584
-2.208982559662516
24.805513408492907
7.983226307307717
-25.754144698474658
66.84746185422497
-20.75780408040871
29.934763873306387
56.75894555638552
44.53395980473835
73.0987165550537
-37.733554980130776
7.837961191068722
-39.42630279109471
-12.544850933039914
-22.524923345191382
43.591426625556686
68.37730705722814
51.67261425933183
44.73042812551831
-11.082457452843471
24.09534148250551
-42.19326443377036
-5.680674988701433
-42.129276947160044
58.917969697297686
10.85047802484916
67.7570922176503
66.15745809850864
-18.34756596328446
-5.9825486295088695
21.651787490161503
35.36690363120123
-9.20158669088611
65.43225231476458
57.51765444054136
73.78804312681024
43.67065693789059
48.90698004946291
-30.8704826760474
72.04003486531087
50.819798211047505
-37.36136119521811
54.206698833774915
64.58335452157971
-40.40725240459141
14.111111969684615
66.64605960438894
56.643309748659156
41.4597629439915
-14.72563037314793
-17.71006995409219
-9.497172532117574
63.691722476818505
-38.405201516430964
42.36996577793513
-28.881291908618614
-10.650720949981952
74.79572544234131
-8.813078981877233
-19.199298726602287
36.87517449972365
-41.22788685945176
3.0769049578324115
-12.50951949583122
29.43710706629036
-15.546255810676978
17.66149748855721
52.83232949098416
-8.172421303833808
60.82185898127182
-15.369250866485519
50.43728181507341
-38.36863874811141
56.35275162850227
-20.746569370228016
49.35018576043303
-35.66582595964941
-24.81900428531809
46.571782372851835
-13.56272757243531
14.280453228193181
76.5998532441655
-41.331915546809256
15.195841994287527
33.525276130817964
33.24071785117254
-5.573273416336839
69.44450435899833
25.287845192515242
-30.067798417822175
-37.59008192753411
55.68593698012237
73.37276496991493
35.60589688541737
63.41439345835851
34.952230971361566
35.964018056609014
59.184552442778504
-13.646770490703954
16.54904323792588
57.565687632661685
20.708676189155547
64.92743711177195
12.302756670433787
64.87656706710769
37.4122721872617
17.610684266125226
14.725972684297588
-3.820040811394854
60.448445750929956
4.5221799833244845
21.496839390271738
41.264949193453184
-39.409455745624065
-33.34032797486774
-9.880691450943345
42.770008723426166
64.01785636188086
31.308099752657235
67.13895797803755
32.5582721334679
9.102802236904054
-34.31923459276527
22.760367148081507
37.19281363581904
35.98998879904874
-24.37172050448671
57.892504574342404
49.951311640435584
9.190863875713838
70.23342321423598
12.6247984440623
52.97917869133324
-37.193792756766555
50.663565612449084
15.004716288299626
-11.75009506764584
59.83035586186775
-26.911492316574968
55.49626022412331
-38.08114482175595
-37.4772667990207
48.815450670477766
-2.636609231349304
37.474658310219986
-11.608244239714313
-38.94953235274299
-43.23620873535425
-27.16812088850401
13.214506553421913
25.396710099991985
33.29554848858033
47.814226397409904
46.71432610454155
-29.244765549326782
-36.93850849703647
42.117873782121684
39.39723760035799
12.358719697703158
57.30422339438221
73.54492131257854
15.434419702885869
68.01324286873009
17.987843921067224
-14.319247941169603
2.886044521572579
37.424454654214735
16.350721745056504
-34.79118091220407
-22.34497973212964
77.37034499784076
75.52435477019432
23.741387663401277
10.063387495293789
22.83164510495653
44.615599873085635
-13.26813646169477
5.526680722850664
61.99570940989911
-35.71429213880317
-18.969278523837275
-7.287117728163402
-38.79891745944487
-15.285934096095225
35.23983381733516
47.74297967905395
36.30464312081563
-17.155177385713433
5.3664133182522065
-26.15872317373915
-3.4098415744467303
74.74620001638172
27.73552163366582
61.77567501978522
19.62016800929944
0.46642501332291886
12.897914661447487
19.259331429975852
-22.799847672837366
-10.295682931496891
-1.5250303413643138
13.84230827822256
52.23439524873225
21.23854856524681
14.628529294460442
-15.485518187080103
69.14777332308091
30.94827799225012
36.65161207286801
-18.087783573443506
34.13271384634391
73.11879025601019
23.818417254884345
-15.761849128594424
72.91744547031107
4.84235408544091
-1.6568161616347439
69.65942936595167
16.1524051427291
63.31863951894544
1.7750585434608084
47.821711705552865
-37.34589577928733
29.13264313873649
-23.652846028143706
70.70213363884662
76.44064332637222
74.73013099591287
-15.895914596955556
-31.870555594444042
43.783168178541366
-37.888999264383315
77.71261546919737
-28.967937481902723
-16.962017458204365
1.3149881714586868
78.87700291532201
6.420375813838568
50.57418672956424
55.50419862630927
72.9625242958393
-29.427053345193002
-0.6726904304515458
-38.60063530379532
-37.190468465797714
-26.066338275611727
73.01585596234867
79.04083843382111
58.83957812309392
5.650464403576592
6.0256584989882
58.57990058297033
-31.969596144598757
72.07784730075772
24.65167752593647
31.135016527350935
65.83691495504033
3.49298258855778
24.19886439379841
54.44281638406799
59.164973409221325
-10.846729749644453
74.85646734025846
-9.840774388835463
34.252205315927434
18.38676202909943
-32.90388501377585
32.81384469753393
8.158522604223542
-13.491586178954346
-17.087260475063054
6.688523421118681
46.00717857286049
-23.217935691745925
44.67464891335931
56.52002810776032
19.709403138580164
-12.55039895633076
14.444781238025769
16.115886258745782
25.90176099073171
7.317974056081624
0.7001805643918146
-41.121998480318325
27.028262747186325
-43.315242336919525
36.919038866143815
-20.24218177141442
-6.844441208504975
20.07448636670358
66.1114138779914
24.580042928723394
-8.38172078249378
12.04036763752179
-20.72890447490536
-23.887740530900203
37.8083270032076
60.83878734524773
58.94075233887772
-39.42813537201298
1.3211505014467377
52.45905320792291
70.4776775388379
66.9406267237645
-34.899662549429934
-41.90776067929572
48.8922450488628
20.214773099962628
63.779903762001474
7.749625411478064
-22.20318826498193
0.9707911755853402
76.88719083906625
-32.064018196927314
60.378879944486776
-40.09907413836269
32.70539879150983
-19.686136284671523
2.4834875050880783
47.431274709395716
-4.876354694138804
34.782789753938154
4.344511686921152
-9.235678534803881
-32.13940113099538
58.95962274261705
41.45168841053279
15.419622652151695
63.31354959834652
43.750935299537296
-16.802607772641885
58.65444044539225
52.01991658349544
-20.707218774123362
30.185817584514744
59.81140957968673
-30.130146974756666
71.86417048279907
-12.137668942660987
21.129453814881124
38.058708485467456
23.665630293705398
-11.049134226332505
2.5975053138240014
73.2581076649279
10.790950732880013
-8.337668390982927
72.46432631940476
-32.71017725240603
46.336065395860466
12.566223371534534
52.98599201966592
13.973477563327975
65.05069176262398
0.8723872153139638
-13.243546800539313
33.389124018860265
17.650298663589126
-1.668498274966673
60.24228119754674
-21.328043147913277
-40.592136613757134
58.91623403241436
57.74604876725356
65.864598943065
36.98235486234231
-39.76899984937174
-41.31977443117355
-25.75422134299236
64.42529328295558
22.122429337326317
49.686616831006454
55.75058785185788
-1.1583426786215298
-23.190794954672118
34.64617758542628
-10.205057738141
-21.590473325830928
-7.094812518575928
-24.104879218303125
72.38323257724258
63.77526615316322
3.9647453600011744
3.9229438995312194
10.941576053429948
44.25255204234369
1.4196307898510483
-6.683688505787963
11.033424080210978
28.570947836717828
11.945522256910792
-23.449722700272815
-10.704955148051184
18.002249937906306
48.57544192824965
-25.351124134204085
78.1585544271301
52.2639164636655
15.76674502779489
36.999276523750346
10.463756596147874
77.45570091871792
30.692590533783708
-1.7757148858383474
67.16412739319287
53.48904969023234
30.207699060655933
44.205616202347805
-24.742871041654787
-8.267601750313219
-29.014696436776298
-11.569436697763479
25.686640567258046
30.404129323724554
22.290644880854934
5.453081703506911
-29.115372288469466
46.356458415443676
1.8431968023055845
-10.58634006045159
-13.605442000964569
3.7275447143691522
21.312957523781343
6.808469150713421
11.232285291433975
-27.30547152194962
40.351884506420554
48.548310951402364
38.37369586339249
-37.114307931912364
25.143022513553866
-17.25675259175059
13.762401786922865
-24.298375548290377
-36.319399835921686
0.2368909000797359
72.1596256742562
-31.849958816367185
-8.638354376300072
9.813937017362612
-23.29131628721721
-9.154258509923949
-10.419826189440592
10.542275750598563
72.3004334768053
46.88170720304462
28.540366452673958
-34.43664662629113
36.979435700472756
68.42925048678802
14.165029589197395
68.24746744721295
6.048545535450202
-38.99107103792697
-35.82680149073806
-3.298324703588797
25.130175716581327
0.14052150047028533
47.995030621123554
-2.053485363346425
58.963546950442286
-16.16589661582377
75.23073186917247
-2.4634187218341523
-27.455182309447316
76.57966493217597
55.130987317190055
16.33315126168577
69.24305250093295
35.718455310257646
54.026863696445396
17.259533639954782
6.72229117926301
-30.317466232392846
-8.994810053502754
51.27581996045023
50.723437779613484
-12.631549084118895
3.297631606997193
61.17673899778999
-21.310499624477394
56.922252215265964
-14.857605442258215
-18.94808867856617
-36.32306499593351
68.8634370981193
22.829123935747667
62.81555148018506
73.8328330580321
57.852888146519554
29.078784632592622
61.029261449062936
19.64002695721245
2.862228685061865
69.55052711187179
-26.395477036694153
44.25133960516968
-42.18753254247844
78.63865468965193
18.825629517544925
-27.012990528951004
58.93834191238289
19.793057156172004
18.09336296771827
-2.6604750031428352
58.429122166286525
-6.24323286776719
56.76749030517673
9.302516837565278
-35.595353611112124
66.66925960720553
17.370088500300803
-12.603092363088123
41.751268207609776
43.38241190041047
19.14608760652081
-17.15397687968914
-19.25018551541326
17.435102813618045
32.30806805322927
37.62896205371742
72.88401548252074
20.584189041957707
17.334279258557707
-22.605163030931617
71.96899480709033
-24.44176634154893
67.40823346120831
-10.82582030715151
-27.914485036205754
46.6716708904714
72.0579587351821
27.956035600185693
78.9304106180233
-8.219046585137512
-15.930098115475335
-36.39336147645099
37.49418054588674
20.147541827361607
29.344473645431925
18.048460621677442
-8.923863201448569
10.049320373568833
38.97754939226383
-9.138996056854573
-35.710377462054986
-33.484051450989995
45.50480831398041
77.73290482514594
-40.29520693446152
50.773204575149244
59.86396868944592
39.20608448219328
38.115372325417745
-16.118463489918273
59.04051378225355
50.94468849141547
5.292885046346569
50.425056231292764
43.36173566175143
-34.534950229523865
55.62310523517022
-15.70932850186799
34.610614391827774
35.510886630204475
-9.53888954417151
-22.127400529951913
-14.254714100953297
-26.256238931833533
29.057760425390505
76.61696920456009
5.199611143136316
1.8125822473641975
69.03832722287629
18.819667984648888
15.049964957132303
0.5086619481389931
-12.296740972129388
25.30236555918203
39.71542722586971
21.75561630236917
-31.381750273362254
38.25842619429462
59.705991917819794
-42.893435815635165
-27.1935147903184
-14.436432171299185
-34.402687059882965
-27.743970746227525
-31.83233899510512
47.33649883104086
53.453470045723414
-39.12737970997756
57.16811243732304
45.86742674840021
25.65470877048417
30.295349650365758
-13.30908136567335
77.54349318021121
-6.642248967684488
71.85216487382843
